At round 0 testing accuracy: [0. 0. 0. 0. 0. 0. 0. 0. 0. 0. 0. 0. 0. 0. 0. 0. 0. 0. 0. 0. 0. 0. 0.]
average accuracy:  0.0
devices [21 20  0  3 12 10  6 11  2  4]
At round 1 testing accuracy: [0.90077519 0.8042328  0.72631579 0.767507   0.76453488 0.17869416
 0.86935867 0.84792627 0.832      0.83802817 0.8713969  0.80487805
 0.86503067 0.86363636 0.87906137 0.83298539 0.87427466 0.90427699
 0.90034965 0.88023952 0.88588008 0.91339869 0.8441331 ]
average accuracy:  0.8368859207757753
devices [19  2 18 17 20 22 13 10  5  1]
At round 2 testing accuracy: [0.87286822 0.8015873  0.79736842 0.79551821 0.7994186  0.14776632
 0.86460808 0.85253456 0.862      0.82629108 0.86031042 0.78935698
 0.87116564 0.86181818 0.9133574  0.85177453 0.84332689 0.94093686
 0.92132867 0.91616766 0.92069632 0.91993464 0.90367776]
average accuracy:  0.849419083340957
devices [20  7  5  6  8  2 17 16  4 12]
At round 3 testing accuracy: [0.85891473 0.79365079 0.76052632 0.76470588 0.76162791 0.62542955
 0.81710214 0.84331797 0.844      0.77934272 0.80044346 0.75166297
 0.83231084 0.82       0.89530686 0.79123173 0.77562863 0.89816701
 0.88811189 0.89221557 0.88974855 0.90686275 0.87390543]
average accuracy:  0.8295672857012167
devices [ 1  5  2 22 20 12 11  0 21  6]
At round 4 testing accuracy: [0.88992248 0.82010582 0.75789474 0.78711485 0.78197674 0.395189
 0.85273159 0.85483871 0.84       0.8028169  0.8248337  0.7827051
 0.85071575 0.83818182 0.89711191 0.82254697 0.82978723 0.92057026
 0.90559441 0.89620758 0.90522244 0.9248366  0.88091068]
average accuracy:  0.8422834141432622
devices [ 6  7  4 11 14 12 16 10  2 19]
At round 5 testing accuracy: [0.88372093 0.8015873  0.74473684 0.78431373 0.77616279 0.33676976
 0.8432304  0.85023041 0.864      0.81455399 0.86474501 0.81374723
 0.86298569 0.86181818 0.90433213 0.82463466 0.81624758 0.92260692
 0.90034965 0.89820359 0.91682785 0.91503268 0.88791594]
average accuracy:  0.8447534534809258
devices [ 4  9  5  3  7 18 16  6  2 13]
At round 6 testing accuracy: [0.86046512 0.79365079 0.70789474 0.76470588 0.74418605 0.70790378
 0.80047506 0.84101382 0.828      0.75586854 0.80931264 0.78935698
 0.83231084 0.81272727 0.88808664 0.75991649 0.76789168 0.87983707
 0.86713287 0.87025948 0.89748549 0.8872549  0.83887916]
average accuracy:  0.8210593724270424
devices [ 5  1  7  2 11 12 20 13 14  3]
At round 7 testing accuracy: [0.88062016 0.79365079 0.74210526 0.77310924 0.77616279 0.58075601
 0.8456057  0.84562212 0.854      0.80046948 0.86031042 0.81818182
 0.8609407  0.86909091 0.90613718 0.82463466 0.827853   0.92057026
 0.9020979  0.89221557 0.90909091 0.91013072 0.8704028 ]
average accuracy:  0.8483212880797731
devices [10 21  6 15  3  9 11  8  5 18]
At round 8 testing accuracy: [0.87596899 0.78306878 0.71842105 0.77310924 0.75872093 0.72852234
 0.81235154 0.85023041 0.838      0.75117371 0.84257206 0.80266075
 0.83435583 0.82363636 0.89169675 0.78914405 0.82011605 0.91038697
 0.88111888 0.87225549 0.89361702 0.87745098 0.84063047]
average accuracy:  0.8324032567926082
devices [ 7 20 13 16  8 22 15 10 14 19]
At round 9 testing accuracy: [0.87751938 0.7989418  0.75       0.77591036 0.77325581 0.69072165
 0.82422803 0.83870968 0.878      0.80985915 0.87804878 0.80266075
 0.84662577 0.84909091 0.89891697 0.81837161 0.84332689 0.91446029
 0.88111888 0.88023952 0.89941973 0.89215686 0.84763573]
average accuracy:  0.8458512487421096
devices [13  1  7  8  9 14  0 11 19  5]
At round 10 testing accuracy: [0.90387597 0.80952381 0.75263158 0.78151261 0.7877907  0.65635739
 0.83847981 0.84101382 0.866      0.80751174 0.88248337 0.80266075
 0.84662577 0.83454545 0.89891697 0.8308977  0.84912959 0.92057026
 0.88636364 0.88223553 0.90715667 0.89215686 0.84588441]
average accuracy:  0.848778702771933
devices [ 1  3 14 22  2  5  4 21  0 19]
At round 11 testing accuracy: [0.87751938 0.7962963  0.73684211 0.767507   0.75581395 0.74226804
 0.79572447 0.83410138 0.838      0.75117371 0.84035477 0.79379157
 0.80572597 0.80363636 0.86823105 0.78079332 0.80851064 0.90427699
 0.86363636 0.85828343 0.86847195 0.85947712 0.80385289]
average accuracy:  0.8216082700576343
devices [10 14  2 20 22  9  3 15 16  4]
At round 12 testing accuracy: [0.89457364 0.81481481 0.76315789 0.78991597 0.78488372 0.70790378
 0.82422803 0.85253456 0.856      0.78403756 0.85144124 0.79600887
 0.82413088 0.83272727 0.89169675 0.81628392 0.827853   0.92668024
 0.89335664 0.88423154 0.89941973 0.89542484 0.84063047]
average accuracy:  0.8444790046656299
devices [16  3 13 20 12  6 11  7 19 21]
At round 13 testing accuracy: [0.90387597 0.83068783 0.76578947 0.80672269 0.79360465 0.63573883
 0.85273159 0.85714286 0.872      0.81220657 0.87361419 0.79600887
 0.85889571 0.85818182 0.91155235 0.85386221 0.8762089  0.94501018
 0.91083916 0.89620758 0.91295938 0.91666667 0.8704028 ]
average accuracy:  0.8620437288445705
devices [ 0 14 10 19  5  3 21  2  8  9]
At round 14 testing accuracy: [0.88682171 0.80952381 0.76315789 0.78151261 0.7877907  0.72852234
 0.83135392 0.84792627 0.856      0.77464789 0.84478936 0.78713969
 0.82413088 0.83818182 0.89350181 0.80793319 0.83558994 0.92260692
 0.89335664 0.87824351 0.89748549 0.88398693 0.81260946]
average accuracy:  0.8410026530052145
devices [ 0 18 15 13  7  6  9  3 11  4]
At round 15 testing accuracy: [0.90852713 0.84391534 0.78684211 0.80672269 0.80232558 0.60824742
 0.85748219 0.85253456 0.874      0.84507042 0.88248337 0.80266075
 0.85071575 0.86363636 0.90072202 0.88308977 0.88394584 0.94704684
 0.91608392 0.89221557 0.90909091 0.91993464 0.87215412]
average accuracy:  0.8663434269508736
devices [15 11  4 19 12  3 22  9  0 13]
At round 16 testing accuracy: [0.90697674 0.83068783 0.77631579 0.80672269 0.7994186  0.57044674
 0.86935867 0.85023041 0.876      0.85680751 0.89800443 0.82039911
 0.86298569 0.86909091 0.90252708 0.87682672 0.89168279 0.94501018
 0.91083916 0.89021956 0.91682785 0.91339869 0.86690018]
average accuracy:  0.8668923245814656
devices [13 17 19  4  1 20 18 14 21 16]
At round 17 testing accuracy: [0.90542636 0.84391534 0.76842105 0.80952381 0.81395349 0.28522337
 0.88361045 0.85483871 0.87       0.88497653 0.90022173 0.82261641
 0.86503067 0.88545455 0.9133574  0.88308977 0.91295938 0.94093686
 0.91433566 0.90219561 0.92649903 0.91830065 0.88616462]
average accuracy:  0.8667093587046016
devices [14 18 11  5  7 17 12 13 20  0]
At round 18 testing accuracy: [0.89922481 0.83597884 0.77631579 0.80392157 0.80232558 0.62886598
 0.86460808 0.85714286 0.868      0.85915493 0.88913525 0.81596452
 0.86298569 0.87818182 0.90613718 0.87056367 0.89168279 0.9490835
 0.91958042 0.89421158 0.91682785 0.91176471 0.86164623]
average accuracy:  0.8682645686579453
devices [13  9 16  5  3 17 19  1 20  7]
At round 19 testing accuracy: [0.88217054 0.83333333 0.77368421 0.79271709 0.79651163 0.71134021
 0.83847981 0.84101382 0.856      0.81690141 0.87583149 0.80487805
 0.83231084 0.85454545 0.89169675 0.83507307 0.87234043 0.93279022
 0.9020979  0.88023952 0.89168279 0.9003268  0.83537653]
average accuracy:  0.8526209861860763
devices [18 14 16  4  0 17  5 15  2  1]
At round 20 testing accuracy: [0.86046512 0.82010582 0.76842105 0.77591036 0.79360465 0.76975945
 0.81947743 0.83179724 0.836      0.77699531 0.84922395 0.80044346
 0.82208589 0.83818182 0.87906137 0.80375783 0.84719536 0.91649695
 0.88811189 0.86227545 0.87814313 0.87581699 0.80385289]
average accuracy:  0.8363370231451834
devices [14  6 20  5  9  8 12 18  7 10]
At round 21 testing accuracy: [0.8620155  0.83068783 0.78684211 0.78431373 0.79651163 0.72852234
 0.82422803 0.82718894 0.864      0.8286385  0.8713969  0.80266075
 0.82413088 0.84545455 0.88447653 0.83924843 0.8549323  0.90224033
 0.89685315 0.86227545 0.8762089  0.88235294 0.81961471]
average accuracy:  0.8445704876040618
devices [ 2  9 20 16 11  0  6 21 10 17]
At round 22 testing accuracy: [0.88527132 0.84126984 0.78684211 0.79831933 0.78488372 0.70790378
 0.82422803 0.84101382 0.874      0.842723   0.87361419 0.79822616
 0.83435583 0.84727273 0.88808664 0.8559499  0.86073501 0.9287169
 0.90559441 0.87824351 0.88588008 0.89542484 0.83187391]
average accuracy:  0.8532613667551002
devices [11 12 10  8 14  9 20 18 15  5]
At round 23 testing accuracy: [0.86511628 0.82010582 0.77368421 0.77030812 0.7877907  0.77319588
 0.81710214 0.83179724 0.85       0.80046948 0.84922395 0.79379157
 0.80981595 0.83090909 0.85920578 0.81210856 0.84526112 0.90020367
 0.88986014 0.85229541 0.86266925 0.85947712 0.79509632]
average accuracy:  0.8328606714847681
devices [22  9 12 11  0 20 21  7  3  6]
At round 24 testing accuracy: [0.88837209 0.84656085 0.8        0.80672269 0.80523256 0.70790378
 0.83847981 0.84792627 0.87       0.83333333 0.86031042 0.79379157
 0.8404908  0.84181818 0.88628159 0.86012526 0.86266925 0.92057026
 0.90734266 0.88423154 0.88781431 0.90522876 0.8441331 ]
average accuracy:  0.8560058549080597
devices [11  6 14  9 22 16  4 15  2 10]
At round 25 testing accuracy: [0.88527132 0.85714286 0.79210526 0.80392157 0.81104651 0.67010309
 0.86223278 0.85483871 0.868      0.85915493 0.88691796 0.81374723
 0.84253579 0.86909091 0.90072202 0.86847599 0.87234043 0.94501018
 0.91783217 0.89221557 0.91295938 0.91339869 0.86164623]
average accuracy:  0.8666178757661696
devices [10 16 20 22  7 17  6  4 13 11]
At round 26 testing accuracy: [0.88372093 0.83068783 0.78684211 0.80392157 0.79651163 0.6185567
 0.86935867 0.85023041 0.88       0.86619718 0.89578714 0.8248337
 0.86912065 0.87636364 0.90794224 0.8559499  0.8762089  0.94501018
 0.91258741 0.89421158 0.91876209 0.92156863 0.87740806]
average accuracy:  0.8682645686579453
devices [10 16 18  0 21  6  4  8 17 15]
At round 27 testing accuracy: [0.89612403 0.83068783 0.78421053 0.79831933 0.79651163 0.50859107
 0.86698337 0.85253456 0.874      0.87323944 0.90022173 0.81596452
 0.8609407  0.87090909 0.90794224 0.86221294 0.87814313 0.9389002
 0.90559441 0.89421158 0.92069632 0.92156863 0.882662  ]
average accuracy:  0.8650626658128259
devices [13  0 11 21  5  3  8 17  4 22]
At round 28 testing accuracy: [0.88527132 0.83333333 0.78421053 0.79271709 0.79069767 0.68041237
 0.83847981 0.84562212 0.868      0.84741784 0.87583149 0.80487805
 0.8404908  0.85636364 0.89350181 0.84551148 0.86653772 0.93075356
 0.8986014  0.8742515  0.90522244 0.89869281 0.84588441]
average accuracy:  0.8553654743390358
devices [16  8 14 20 17  6 15  0 13  2]
At round 29 testing accuracy: [0.88682171 0.82804233 0.78421053 0.80112045 0.7994186  0.58762887
 0.8432304  0.85483871 0.882      0.85915493 0.88691796 0.81374723
 0.86503067 0.86727273 0.90072202 0.86430063 0.86460348 0.9389002
 0.90909091 0.88622754 0.90909091 0.92320261 0.8704028 ]
average accuracy:  0.8628670752904584
devices [15  5 11  4  8 22 19  0 16 21]
At round 30 testing accuracy: [0.88527132 0.82010582 0.78421053 0.79551821 0.79651163 0.69415808
 0.82185273 0.84562212 0.874      0.84507042 0.88248337 0.80487805
 0.84867076 0.85272727 0.89530686 0.85386221 0.84912959 0.92668024
 0.90034965 0.87824351 0.89168279 0.90359477 0.85113835]
average accuracy:  0.8551825084621718
devices [18  7 22 12  0 15 19 16 17  6]